    PLATAFORMA DE STREAMING TP
803100    4003    C1072          2.88133    0.5032674945 15
249101    3071    U1053          2.575    0.697257387 4
614102    4009    C1084          3.425    0.2863501 4
914103    3001    N1001          2.622    0.4448320 5
576104    3071    O1070          2.79875    0.6337908 8
693105    1002    K1048          2.88    0.6912863246 7
888106    4013    W1042          2.92333    0.5797784962 9
165107    3019    Q1021          2.4575    0.776752936 4
347108    2062    W1036          2.78667    0.5626673540 6
175109    3001    W1089          2.96455    0.6251828543 11
875110    2062    U1045          3.37    0.9566194 1
704111    3009    K1093          3.1225    0.302751518 4
424112    2041    B1075          3.39    0.64453231 6
186113    2041    C1072          3.03    0.382341 1
657114    4003    C1072          3.1025    0.4583166 4
115115    1002    X1069          3.66111    0.3181112648 9
570116    1007    O1049          3.0625    0.4285333 4
650117    2035    B1005          2.29333    0.5606676189 9
629118    3071    K1026          3.53875    0.51875169 8
678119    1005    Q1071          2.44444    0.4597786788 9
925120    3071    E1057          2.335    0.41953593 2
833121    1007    N1079          3.035    0.380333307 6
752122    1005    S1095          3.06    0.425254936 4
867123    1003    T1016          2.3225    0.308755716 4
255124    1056    H1004          2.89    0.633931 4
486125    1005    A1052          4.24    0.7617285 1
683126    1002    N1099          2.6875    0.32551384 4
199127    1002    V1064          2.9925    0.334775 4
610128    4003    C1062          2.96667    0.5694743 9
970129    4009    Q1023          3.138    0.70247526 5
312130    3019    D1058          2.694    0.65686035 5
726131    1007    S1095          3.068    0.4677225 10
372132    1003    Z1074          2.61    0.5826672713 3
501133    2062    U1045          3.06    0.4772829 4
417134    4013    G1043          2.366    0.6262799 5
884135    4003    M1088          2.815    0.4143333146 6
714136    1056    J1009          3.03714    0.5838574160 7
394137    3019    C1072          3.24714    0.4954298290 7
978138    1005    A1063          3.955    0.46457392 6
939139    4003    G1043          3.548    0.50437848 10
529140    3009    N1055          2.615    0.432258522 4
113141    2010    T1017          3.2125    0.4746419 4
929142    1005    S1083          3    0.4473754970 8
253143    4003    B1096          3.60143    0.438714773 7
150144    3009    B1073          3.20714    0.5622861742 7
254145    2062    B1047          3.33333    0.407333702 6
866146    2041    Z1037          3.01286    0.3844413 7
547147    2041    A1052          2.6425    0.20358510 4
927148    2055    N1099          4.092    0.53727019 5
373149    2041    W1039          2.938    0.5687532 5
731150    3006    L1008          2.02875    0.5257748 8
866151    2055    Q1028          1.71    0.75405 1
159152    3071    U1040          2.768    0.52564003 5
145153    2055    N1099          3.74    0.4324722 3
410154    2022    Q1021          2.48375    0.4233387 8
702155    1003    I1015          3.87    0.5066267 5
553156    2010    A1052          2.65    0.4566677646 3
312157    2041    N1013          3.205    0.6551673817 6
233158    2055    D1020          3.08667    0.3816676 6
531159    4009    Q1028          3.411    0.28851746 10
867160    4013    S1095          3.18857    0.4374297995 7
450161    3009    L1061          3.49    0.401253530 8
784162    2055    K1026          2.89    0.7464135 6
461163    1056    V1056          3.3675    0.4316254936 8
413164    4003    B1047          3.32167    0.5083337969 6
992165    3009    I1015          3.12    0.37655450 4
401166    1002    B1073          3.129    0.45933724 10
371167    2041    D1067          4.2525    0.556754003 4
990168    3071    Z1085          3.585    0.33751184 4
323169    3071    V1056          2.975    0.6146936 4
684170    2035    D1097          2.06714    0.5144292173 7
323171    3019    B1075          3.73667    0.3695641 6
103172    1007    Q1028          4.20833    0.4423332394 6
242173    2055    A1054          2.44    0.4975713963 7
380174    3019    T1017          2.49556    0.436556186 9
914175    3001    N1013          3.37    0.399252555 4
338176    2055    K1026          3.552    0.71325804 5
829177    1005    T1007          2.7125    0.412629 4
785178    2062    O1019          2.87    0.5336674527 3
977179    3001    A1054          2.74    0.44653849 2
632180    2035    S1035          1.8675    0.31652350 4
994181    3006    G1051          3.74143    0.653714480 7
647182    1005    N1001          3.15333    0.663333102 12
282183    4013    V1064          3.93143    0.6418572016 7
738184    1003    K1026          2.79111    0.4858891304 9
770185    1007    D1058          3.39    0.4887277473 11
316186    2010    L1061          2.79    0.556756104 4
360187    3009    G1043          3.506    0.340856 5
294188    3006    C1072          3.39    0.7688091 1
979189    2062    Z1085          2.89    0.570752601 4
125190    3019    O1049          2.5875    0.49952739 4
831191    3001    F1077          2.59    0.7496566 1
333192    2062    A1060          nan    nan310 0
139193    1002    O1090          2.435    0.44652171 2
668194    2055    U1003          3.19333    0.383667707 3
199195    1007    V1056          2.75    0.3675717323 7
111196    2010    S1035          nan    nan1108 0
532197    4013    W1033          4.645    0.08154050 2
276198    1003    Z1085          3.21118    0.4462355515 17
396199    3009    C1010          3.24429    0.5617145689 7
